 [11/11/2024 13:57:03] DeviceId [1] RFInitCalibStatus: 0, 1, 1, 1, 1, 1, 1, 1, 1, 1, 1, 1, 0, 262144, 0, 0, 1, 1, 1, 1, 1, 1, 1, 1, 1, 1, 0, 0, 45, 0, 1199584, 15
 [11/11/2024 13:57:18] DeviceId [1] RFInitCalibStatus: 0, 1, 1, 1, 1, 1, 1, 1, 1, 1, 1, 1, 0, 262144, 0, 0, 1, 1, 1, 1, 1, 1, 1, 1, 1, 1, 0, 0, 45, 0, 1214131, 15
 [07/02/2026 19:47:04] DeviceId [1] RFInitCalibStatus: 0, 1, 1, 1, 1, 1, 1, 1, 1, 1, 1, 1, 0, 262144, 0, 0, 1, 1, 1, 1, 1, 1, 1, 1, 1, 1, 0, 0, 39, 0, 22523, 15
 [07/02/2026 20:24:53] DeviceId [1] RFInitCalibStatus: 0, 1, 1, 1, 1, 1, 1, 1, 1, 1, 1, 1, 0, 262144, 0, 0, 1, 1, 1, 1, 1, 1, 1, 1, 1, 1, 0, 0, 42, 0, 2292151, 15
 [07/02/2026 20:25:28] DeviceId [1] RFInitCalibStatus: 0, 1, 1, 1, 1, 1, 1, 1, 1, 1, 1, 1, 0, 262144, 0, 0, 1, 1, 1, 1, 1, 1, 1, 1, 1, 1, 0, 0, 42, 0, 2326563, 15
 [07/02/2026 20:26:58] DeviceId [1] RFInitCalibStatus: 0, 1, 1, 1, 1, 1, 1, 1, 1, 1, 1, 1, 0, 262144, 0, 0, 1, 1, 1, 1, 1, 1, 1, 1, 1, 1, 0, 0, 42, 0, 2416519, 15
 [07/02/2026 20:30:44] DeviceId [1] RFInitCalibStatus: 0, 1, 1, 1, 1, 1, 1, 1, 1, 1, 1, 1, 0, 262144, 0, 0, 1, 1, 1, 1, 1, 1, 1, 1, 1, 1, 0, 0, 40, 0, 2642782, 15
 [07/02/2026 20:31:33] DeviceId [1] RFInitCalibStatus: 0, 1, 1, 1, 1, 1, 1, 1, 1, 1, 1, 1, 0, 262144, 0, 0, 1, 1, 1, 1, 1, 1, 1, 1, 1, 1, 0, 0, 41, 0, 2692212, 15
 [07/02/2026 20:34:00] DeviceId [1] RFInitCalibStatus: 0, 1, 1, 1, 1, 1, 1, 1, 1, 1, 1, 1, 0, 262144, 0, 0, 1, 1, 1, 1, 1, 1, 1, 1, 1, 1, 0, 0, 42, 0, 2839273, 15
 [07/02/2026 20:39:42] DeviceId [1] RFInitCalibStatus: 0, 1, 1, 1, 1, 1, 1, 1, 1, 1, 1, 1, 0, 262144, 0, 0, 1, 1, 1, 1, 1, 1, 1, 1, 1, 1, 0, 0, 40, 0, 28837, 15
 [07/02/2026 21:14:21] DeviceId [1] RFInitCalibStatus: 0, 1, 1, 1, 1, 1, 1, 1, 1, 1, 1, 1, 0, 262144, 0, 0, 1, 1, 1, 1, 1, 1, 1, 1, 1, 1, 0, 0, 42, 0, 2107730, 15
 [07/02/2026 21:24:27] DeviceId [1] RFInitCalibStatus: 0, 1, 1, 1, 1, 1, 1, 1, 1, 1, 1, 1, 0, 262144, 0, 0, 1, 1, 1, 1, 1, 1, 1, 1, 1, 1, 0, 0, 41, 0, 2667753, 15
 [07/02/2026 21:56:08] DeviceId [1] RFInitCalibStatus: 0, 1, 1, 1, 1, 1, 1, 1, 1, 1, 1, 1, 0, 262144, 0, 0, 1, 1, 1, 1, 1, 1, 1, 1, 1, 1, 0, 0, 41, 0, 4568766, 15
 [07/02/2026 21:59:58] DeviceId [1] RFInitCalibStatus: 0, 1, 1, 1, 1, 1, 1, 1, 1, 1, 1, 1, 0, 262144, 0, 0, 1, 1, 1, 1, 1, 1, 1, 1, 1, 1, 0, 0, 42, 0, 4798584, 15
 [07/02/2026 22:04:47] DeviceId [1] RFInitCalibStatus: 0, 1, 1, 1, 1, 1, 1, 1, 1, 1, 1, 1, 0, 262144, 0, 0, 1, 1, 1, 1, 1, 1, 1, 1, 1, 1, 0, 0, 42, 0, 5088054, 15
 [07/02/2026 22:19:47] DeviceId [1] RFInitCalibStatus: 0, 1, 1, 1, 1, 1, 1, 1, 1, 1, 1, 1, 0, 262144, 0, 0, 1, 1, 1, 1, 1, 1, 1, 1, 1, 1, 0, 0, 39, 0, 5987938, 15
 [07/02/2026 22:23:33] DeviceId [1] RFInitCalibStatus: 0, 1, 1, 1, 1, 1, 1, 1, 1, 1, 1, 1, 0, 262144, 0, 0, 1, 1, 1, 1, 1, 1, 1, 1, 1, 1, 0, 0, 39, 0, 22238, 15
 [07/02/2026 22:23:57] DeviceId [1] RFInitCalibStatus: 0, 1, 1, 1, 1, 1, 1, 1, 1, 1, 1, 1, 0, 262144, 0, 0, 1, 1, 1, 1, 1, 1, 1, 1, 1, 1, 0, 0, 39, 0, 46036, 15
 [08/02/2026 09:24:15] DeviceId [1] RFInitCalibStatus: 0, 1, 1, 1, 1, 1, 1, 1, 1, 1, 1, 1, 0, 262144, 0, 0, 1, 1, 1, 1, 1, 1, 1, 1, 1, 1, 0, 0, 33, 0, 15585, 15
 [08/02/2026 09:33:27] DeviceId [1] RFInitCalibStatus: 0, 1, 1, 1, 1, 1, 1, 1, 1, 1, 1, 1, 0, 262144, 0, 0, 1, 1, 1, 1, 1, 1, 1, 1, 1, 1, 0, 0, 36, 0, 567200, 15
 [08/02/2026 09:49:12] DeviceId [1] RFInitCalibStatus: 0, 1, 1, 1, 1, 1, 1, 1, 1, 1, 1, 1, 0, 262144, 0, 0, 1, 1, 1, 1, 1, 1, 1, 1, 1, 1, 0, 0, 38, 0, 1512129, 15
 [08/02/2026 10:11:28] DeviceId [1] RFInitCalibStatus: 0, 1, 1, 1, 1, 1, 1, 1, 1, 1, 1, 1, 0, 262144, 0, 0, 1, 1, 1, 1, 1, 1, 1, 1, 1, 1, 0, 0, 39, 0, 2848149, 15
